/*--------------------------------*- C++ -*----------------------------------*\
| =========                 |                                                 |
| \\      /  F ield         | OpenFOAM: The Open Source CFD Toolbox           |
|  \\    /   O peration     | Version:  3.0.x                                 |
|   \\  /    A nd           | Web:      www.OpenFOAM.org                      |
|    \\/     M anipulation  |                                                 |
\*---------------------------------------------------------------------------*/
FoamFile
{
    version     2.0;
    format      ascii;
    class       volVectorField;
    location    "10";
    object      U;
}
// * * * * * * * * * * * * * * * * * * * * * * * * * * * * * * * * * * * * * //

dimensions      [0 1 -1 0 0 0 0];

internalField   nonuniform List<vector> 
2000
(
(0.993769 0.00168597 0)
(0.984701 0.00335397 0)
(0.975085 0.00390018 0)
(0.964718 0.00392383 0)
(0.953831 0.0038104 0)
(0.942464 0.00373394 0)
(0.930919 0.00373316 0)
(0.919194 0.00379141 0)
(0.907494 0.00386894 0)
(0.895729 0.0039422 0)
(0.884042 0.00398962 0)
(0.872312 0.00401587 0)
(0.860667 0.00401717 0)
(0.848986 0.00400881 0)
(0.837387 0.00398811 0)
(0.825759 0.00396785 0)
(0.814213 0.00394276 0)
(0.802646 0.00392063 0)
(0.79116 0.00389649 0)
(0.779656 0.00387332 0)
(0.768236 0.00384958 0)
(0.756797 0.00382363 0)
(0.745447 0.00379885 0)
(0.734075 0.00376925 0)
(0.722806 0.00374265 0)
(0.711504 0.00370982 0)
(0.700327 0.00368095 0)
(0.689103 0.00364597 0)
(0.678029 0.00361424 0)
(0.666892 0.0035782 0)
(0.655934 0.00354287 0)
(0.644894 0.00350653 0)
(0.634061 0.00346706 0)
(0.623133 0.00343054 0)
(0.612434 0.00338693 0)
(0.601634 0.0033496 0)
(0.591076 0.00330253 0)
(0.580423 0.00326301 0)
(0.570018 0.00321363 0)
(0.55953 0.00317017 0)
(0.549293 0.00311963 0)
(0.538989 0.00307072 0)
(0.528941 0.0030195 0)
(0.518837 0.00296455 0)
(0.509005 0.00291195 0)
(0.499117 0.00285151 0)
(0.489533 0.00279572 0)
(0.479878 0.00273118 0)
(0.470576 0.00266998 0)
(0.461176 0.00260263 0)
(0.452188 0.00253447 0)
(0.443073 0.00246454 0)
(0.434427 0.00238914 0)
(0.425634 0.00231543 0)
(0.417358 0.00223307 0)
(0.408923 0.00215319 0)
(0.401045 0.00206427 0)
(0.393001 0.00197679 0)
(0.385551 0.00188204 0)
(0.37793 0.00178708 0)
(0.370938 0.00168777 0)
(0.363765 0.00158622 0)
(0.357262 0.00148455 0)
(0.350555 0.00137776 0)
(0.344567 0.00127582 0)
(0.338333 0.00116711 0)
(0.332886 0.00106476 0)
(0.32712 0.000960416 0)
(0.322224 0.000856147 0)
(0.316926 0.000761346 0)
(0.312567 0.000658072 0)
(0.307743 0.000570782 0)
(0.303883 0.000478218 0)
(0.29953 0.000392542 0)
(0.29614 0.000317522 0)
(0.292216 0.000236474 0)
(0.289295 0.000174076 0)
(0.28573 0.000110128 0)
(0.283268 5.0931e-05 0)
(0.280016 8.95167e-06 0)
(0.277955 -4.27679e-05 0)
(0.275007 -7.52467e-05 0)
(0.273273 -0.000107526 0)
(0.270599 -0.000138295 0)
(0.269165 -0.000155403 0)
(0.266688 -0.000175281 0)
(0.265549 -0.000189392 0)
(0.263211 -0.00019323 0)
(0.262333 -0.000205458 0)
(0.260112 -0.000200429 0)
(0.259436 -0.000206679 0)
(0.257315 -0.000202326 0)
(0.256812 -0.000201047 0)
(0.254736 -0.000194338 0)
(0.254415 -0.000195868 0)
(0.252333 -0.000178571 0)
(0.252168 -0.000182247 0)
(0.25007 -0.000159686 0)
(0.250022 -0.000157999 0)
(0.247868 -0.000124747 0)
(1.00016 0.00279942 0)
(1.00174 0.00577075 0)
(1.00378 0.00687784 0)
(1.00485 0.00699125 0)
(1.00612 0.00676329 0)
(1.00628 0.00655042 0)
(1.00672 0.00648126 0)
(1.0062 0.00654787 0)
(1.00613 0.00668791 0)
(1.0052 0.00684041 0)
(1.00483 0.00696754 0)
(1.00361 0.00705612 0)
(1.003 0.00710904 0)
(1.00153 0.00713524 0)
(1.0007 0.00714708 0)
(0.99898 0.00715046 0)
(0.997927 0.00715452 0)
(0.995959 0.00715694 0)
(0.994689 0.00716453 0)
(0.992475 0.00716947 0)
(0.990994 0.00717921 0)
(0.988535 0.00718364 0)
(0.986849 0.00719186 0)
(0.984147 0.00719345 0)
(0.982265 0.0071982 0)
(0.979325 0.00719657 0)
(0.977253 0.00719736 0)
(0.974082 0.0071929 0)
(0.971829 0.0071897 0)
(0.968433 0.00718261 0)
(0.966006 0.00717543 0)
(0.962393 0.00716544 0)
(0.959798 0.00715432 0)
(0.955975 0.00714071 0)
(0.95322 0.00712576 0)
(0.949194 0.00710758 0)
(0.946285 0.00708889 0)
(0.942064 0.00706518 0)
(0.939012 0.00704262 0)
(0.934602 0.00701261 0)
(0.931419 0.00698563 0)
(0.926828 0.00694888 0)
(0.923529 0.00691649 0)
(0.918764 0.00687283 0)
(0.915365 0.00683369 0)
(0.910435 0.00678302 0)
(0.906954 0.00673575 0)
(0.901872 0.0066777 0)
(0.898325 0.0066212 0)
(0.893106 0.0065549 0)
(0.889513 0.00648845 0)
(0.884176 0.00641251 0)
(0.880554 0.00633558 0)
(0.875121 0.00624822 0)
(0.871492 0.00615997 0)
(0.865981 0.00605948 0)
(0.86237 0.00595898 0)
(0.856802 0.00584463 0)
(0.853235 0.00573153 0)
(0.847631 0.00560371 0)
(0.844135 0.00547853 0)
(0.838516 0.00533841 0)
(0.835118 0.00520236 0)
(0.829503 0.0050518 0)
(0.826231 0.00490647 0)
(0.820638 0.00474823 0)
(0.817515 0.00459547 0)
(0.811962 0.0044327 0)
(0.809007 0.00427543 0)
(0.803511 0.00411047 0)
(0.800736 0.00395322 0)
(0.795311 0.00378763 0)
(0.792726 0.00363495 0)
(0.787376 0.00347158 0)
(0.784995 0.00332558 0)
(0.779716 0.00316969 0)
(0.77755 0.00303074 0)
(0.772336 0.00288678 0)
(0.770384 0.00275673 0)
(0.765236 0.00262475 0)
(0.76349 0.00250797 0)
(0.758404 0.00238589 0)
(0.756859 0.00228419 0)
(0.75182 0.00217366 0)
(0.750477 0.00208404 0)
(0.745468 0.00198793 0)
(0.744323 0.00190891 0)
(0.739333 0.00182588 0)
(0.738375 0.00175876 0)
(0.733396 0.00168567 0)
(0.732614 0.00163039 0)
(0.72763 0.00156543 0)
(0.727021 0.00151986 0)
(0.722012 0.00146444 0)
(0.721575 0.00142566 0)
(0.716529 0.0013797 0)
(0.716249 0.00134972 0)
(0.711158 0.00131143 0)
(0.711024 0.00129198 0)
(0.705852 0.00126676 0)
(1.00029 0.00185414 0)
(1.0009 0.00421235 0)
(1.00291 0.00538765 0)
(1.00378 0.00571601 0)
(1.00576 0.00562284 0)
(1.00635 0.00542756 0)
(1.00796 0.00531826 0)
(1.00816 0.00533167 0)
(1.00949 0.00545148 0)
(1.00947 0.00561305 0)
(1.0107 0.00578546 0)
(1.01061 0.00592695 0)
(1.01183 0.00604593 0)
(1.01171 0.00612708 0)
(1.01293 0.00619838 0)
(1.01277 0.00624777 0)
(1.01398 0.00630387 0)
(1.01377 0.00634846 0)
(1.01495 0.00640615 0)
(1.01468 0.00645431 0)
(1.01583 0.0065147 0)
(1.01548 0.00656449 0)
(1.01659 0.00662383 0)
(1.01617 0.00667217 0)
(1.01723 0.00672798 0)
(1.01673 0.00677348 0)
(1.01774 0.00682522 0)
(1.01715 0.00686749 0)
(1.01811 0.00691544 0)
(1.01744 0.00695414 0)
(1.01835 0.00699861 0)
(1.01758 0.00703313 0)
(1.01843 0.00707416 0)
(1.01757 0.00710373 0)
(1.01836 0.00714103 0)
(1.0174 0.00716495 0)
(1.01812 0.00719792 0)
(1.01706 0.00721566 0)
(1.01771 0.00724337 0)
(1.01655 0.00725455 0)
(1.01714 0.00727584 0)
(1.01587 0.00728005 0)
(1.01638 0.00729368 0)
(1.015 0.00729034 0)
(1.01544 0.00729513 0)
(1.01395 0.00728333 0)
(1.01432 0.00727826 0)
(1.01273 0.00725671 0)
(1.01302 0.0072409 0)
(1.01132 0.00720807 0)
(1.01154 0.0071806 0)
(1.00973 0.00713489 0)
(1.00988 0.00709461 0)
(1.00797 0.00703445 0)
(1.00805 0.00697995 0)
(1.00604 0.00690413 0)
(1.00607 0.00683419 0)
(1.00396 0.00674216 0)
(1.00392 0.00665632 0)
(1.00172 0.00654832 0)
(1.00164 0.00644695 0)
(0.999358 0.00632396 0)
(0.999233 0.00620814 0)
(0.996871 0.00607186 0)
(0.996711 0.00594333 0)
(0.994278 0.0057961 0)
(0.994091 0.00565739 0)
(0.991597 0.00550187 0)
(0.991388 0.00535654 0)
(0.988841 0.00519554 0)
(0.98862 0.00504764 0)
(0.986027 0.00488457 0)
(0.985801 0.00473762 0)
(0.983168 0.00457682 0)
(0.982946 0.00443347 0)
(0.980277 0.00427912 0)
(0.980064 0.00414192 0)
(0.977367 0.00399657 0)
(0.977167 0.00386883 0)
(0.974446 0.00373328 0)
(0.974261 0.00361778 0)
(0.971519 0.00349319 0)
(0.971355 0.00339017 0)
(0.968593 0.00327864 0)
(0.968451 0.00318731 0)
(0.96567 0.00308928 0)
(0.965551 0.00301005 0)
(0.962752 0.00292404 0)
(0.962655 0.0028571 0)
(0.959838 0.0027821 0)
(0.959762 0.00272671 0)
(0.956926 0.0026625 0)
(0.956871 0.00261697 0)
(0.954014 0.00256368 0)
(0.953977 0.00252728 0)
(0.951098 0.00248353 0)
(0.951075 0.00245721 0)
(0.948172 0.00242308 0)
(0.948161 0.00240709 0)
(0.945222 0.00238593 0)
(1.00027 0.00127511 0)
(1.00048 0.00315411 0)
(1.00204 0.00435625 0)
(1.00267 0.00494619 0)
(1.00447 0.00513148 0)
(1.00509 0.00511018 0)
(1.00669 0.00506414 0)
(1.00703 0.00506069 0)
(1.00838 0.00514181 0)
(1.00851 0.00526798 0)
(1.00974 0.00542943 0)
(1.00981 0.00557574 0)
(1.01104 0.00571488 0)
(1.01112 0.00581687 0)
(1.01238 0.00590963 0)
(1.01249 0.00597367 0)
(1.01378 0.00604112 0)
(1.0139 0.00609166 0)
(1.0152 0.00615335 0)
(1.01532 0.00620317 0)
(1.01662 0.00626493 0)
(1.01674 0.0063155 0)
(1.01804 0.00637627 0)
(1.01815 0.00642564 0)
(1.01945 0.00648377 0)
(1.01955 0.00653052 0)
(1.02085 0.00658557 0)
(1.02094 0.00662919 0)
(1.02224 0.00668142 0)
(1.02233 0.00672171 0)
(1.02362 0.0067713 0)
(1.0237 0.00680797 0)
(1.02498 0.00685477 0)
(1.02505 0.00688741 0)
(1.02632 0.00693087 0)
(1.02638 0.00695906 0)
(1.02764 0.00699838 0)
(1.02768 0.00702171 0)
(1.02892 0.00705591 0)
(1.02895 0.0070739 0)
(1.03017 0.00710194 0)
(1.03018 0.00711388 0)
(1.03137 0.00713476 0)
(1.03135 0.00713971 0)
(1.03252 0.00715245 0)
(1.03248 0.00714915 0)
(1.03361 0.00715282 0)
(1.03355 0.00713985 0)
(1.03465 0.00713343 0)
(1.03455 0.00710934 0)
(1.03561 0.00709165 0)
(1.03548 0.0070551 0)
(1.0365 0.00702479 0)
(1.03634 0.00697457 0)
(1.0373 0.00693027 0)
(1.0371 0.00686539 0)
(1.03802 0.0068061 0)
(1.03778 0.00672601 0)
(1.03864 0.00665136 0)
(1.03835 0.00655612 0)
(1.03916 0.0064665 0)
(1.03883 0.00635685 0)
(1.03958 0.00625329 0)
(1.0392 0.00613063 0)
(1.03989 0.00601487 0)
(1.03946 0.0058812 0)
(1.04009 0.00575574 0)
(1.03962 0.00561359 0)
(1.04019 0.00548157 0)
(1.03967 0.00533399 0)
(1.04018 0.00519874 0)
(1.03962 0.00504939 0)
(1.04007 0.00491405 0)
(1.03946 0.00476674 0)
(1.03987 0.00463441 0)
(1.03922 0.00449221 0)
(1.03957 0.00436603 0)
(1.03889 0.00423107 0)
(1.0392 0.00411385 0)
(1.03848 0.00398787 0)
(1.03875 0.00388129 0)
(1.03801 0.00376617 0)
(1.03824 0.00367071 0)
(1.03747 0.00356763 0)
(1.03767 0.0034838 0)
(1.03688 0.0033925 0)
(1.03705 0.00332076 0)
(1.03624 0.00324063 0)
(1.03638 0.00318054 0)
(1.03556 0.00311134 0)
(1.03567 0.00306221 0)
(1.03484 0.00300373 0)
(1.03493 0.00296471 0)
(1.03409 0.00291643 0)
(1.03415 0.00288743 0)
(1.0333 0.00284854 0)
(1.03334 0.00282992 0)
(1.03248 0.00280135 0)
(1.0325 0.00279368 0)
(1.03162 0.00277619 0)
(1.00015 0.000946965 0)
(1.00037 0.0024929 0)
(1.00143 0.00365433 0)
(1.00209 0.004394 0)
(1.00347 0.00478021 0)
(1.00427 0.00490986 0)
(1.00559 0.00493189 0)
(1.00621 0.00492766 0)
(1.00731 0.00496785 0)
(1.00774 0.00504692 0)
(1.00869 0.00516998 0)
(1.00905 0.0052976 0)
(1.00998 0.00542963 0)
(1.01035 0.00553795 0)
(1.01131 0.00563618 0)
(1.01172 0.00570994 0)
(1.0127 0.00577938 0)
(1.01314 0.00583377 0)
(1.01414 0.0058911 0)
(1.01459 0.00593972 0)
(1.01559 0.00599411 0)
(1.01606 0.00604175 0)
(1.01706 0.00609519 0)
(1.01753 0.00614176 0)
(1.01853 0.00619367 0)
(1.01901 0.00623814 0)
(1.02002 0.00628794 0)
(1.02051 0.00632976 0)
(1.02151 0.00637727 0)
(1.02202 0.00641627 0)
(1.02302 0.00646134 0)
(1.02354 0.0064974 0)
(1.02454 0.00653964 0)
(1.02508 0.0065725 0)
(1.02608 0.00661131 0)
(1.02662 0.00664059 0)
(1.02762 0.00667524 0)
(1.02817 0.00670042 0)
(1.02916 0.00673015 0)
(1.02972 0.00675053 0)
(1.03071 0.00677455 0)
(1.03128 0.00678927 0)
(1.03225 0.00680674 0)
(1.03283 0.00681472 0)
(1.03379 0.00682474 0)
(1.03437 0.00682479 0)
(1.03531 0.00682631 0)
(1.03589 0.00681715 0)
(1.03682 0.00680897 0)
(1.0374 0.00678933 0)
(1.03831 0.00677015 0)
(1.03888 0.00673883 0)
(1.03977 0.00670731 0)
(1.04033 0.00666321 0)
(1.04119 0.00661829 0)
(1.04174 0.00656065 0)
(1.04256 0.00650166 0)
(1.0431 0.0064301 0)
(1.04388 0.00635689 0)
(1.0444 0.00627147 0)
(1.04514 0.00618446 0)
(1.04563 0.00608587 0)
(1.04633 0.00598607 0)
(1.0468 0.00587559 0)
(1.04745 0.00576465 0)
(1.04788 0.00564419 0)
(1.04848 0.00552439 0)
(1.04888 0.00539639 0)
(1.04943 0.00527049 0)
(1.04979 0.00513795 0)
(1.05029 0.00500891 0)
(1.05061 0.00487515 0)
(1.05106 0.00474603 0)
(1.05134 0.00461422 0)
(1.05174 0.00448813 0)
(1.05199 0.00436092 0)
(1.05233 0.0042407 0)
(1.05256 0.00412029 0)
(1.05285 0.00400815 0)
(1.05305 0.00389656 0)
(1.0533 0.00379388 0)
(1.05347 0.00369273 0)
(1.05368 0.0036004 0)
(1.05383 0.00351033 0)
(1.05401 0.00342906 0)
(1.05413 0.00335001 0)
(1.05428 0.0032799 0)
(1.05439 0.00321172 0)
(1.05451 0.00315228 0)
(1.05461 0.00309481 0)
(1.05471 0.00304557 0)
(1.05479 0.00299843 0)
(1.05487 0.00295894 0)
(1.05495 0.00292159 0)
(1.055 0.00289174 0)
(1.05507 0.00286395 0)
(1.0551 0.00284387 0)
(1.05517 0.00282645 0)
(1.05518 0.00281672 0)
(1.05525 0.00280986 0)
(1.00004 0.00074549 0)
(1.00035 0.00204939 0)
(1.00102 0.00311482 0)
(1.00175 0.00388698 0)
(1.00275 0.00437071 0)
(1.00367 0.00460626 0)
(1.00471 0.00469077 0)
(1.00556 0.00470367 0)
(1.00643 0.00471818 0)
(1.00711 0.00476011 0)
(1.00785 0.00484302 0)
(1.00844 0.00494704 0)
(1.00913 0.00506286 0)
(1.00974 0.005171 0)
(1.01045 0.00526967 0)
(1.01108 0.00535153 0)
(1.01182 0.00542269 0)
(1.0125 0.00548207 0)
(1.01325 0.00553659 0)
(1.01394 0.00558555 0)
(1.0147 0.00563405 0)
(1.0154 0.00567999 0)
(1.01616 0.00572707 0)
(1.01688 0.00577196 0)
(1.01763 0.00581818 0)
(1.01836 0.00586167 0)
(1.01912 0.00590642 0)
(1.01986 0.00594794 0)
(1.02062 0.0059907 0)
(1.02137 0.00602996 0)
(1.02213 0.00607032 0)
(1.0229 0.0061071 0)
(1.02367 0.00614459 0)
(1.02445 0.00617859 0)
(1.02521 0.00621268 0)
(1.02601 0.00624341 0)
(1.02677 0.00627352 0)
(1.02758 0.00630038 0)
(1.02834 0.00632589 0)
(1.02915 0.00634813 0)
(1.02992 0.00636836 0)
(1.03074 0.00638511 0)
(1.0315 0.00639928 0)
(1.03233 0.00640954 0)
(1.03308 0.0064167 0)
(1.03392 0.0064194 0)
(1.03466 0.00641847 0)
(1.0355 0.0064125 0)
(1.03623 0.00640227 0)
(1.03707 0.00638649 0)
(1.0378 0.00636571 0)
(1.03863 0.00633901 0)
(1.03934 0.00630656 0)
(1.04017 0.00626798 0)
(1.04085 0.00622304 0)
(1.04168 0.00617198 0)
(1.04234 0.00611412 0)
(1.04315 0.00605029 0)
(1.04378 0.00597944 0)
(1.04457 0.00590296 0)
(1.04517 0.00581952 0)
(1.04594 0.00573104 0)
(1.04651 0.00563592 0)
(1.04726 0.00553664 0)
(1.04779 0.00543137 0)
(1.0485 0.00532305 0)
(1.04899 0.0052097 0)
(1.04967 0.00509465 0)
(1.05012 0.00497568 0)
(1.05077 0.00485665 0)
(1.05117 0.00473484 0)
(1.05179 0.00461474 0)
(1.05214 0.00449297 0)
(1.05272 0.0043746 0)
(1.05304 0.0042557 0)
(1.05358 0.00414154 0)
(1.05385 0.00402799 0)
(1.05437 0.00392025 0)
(1.0546 0.00381395 0)
(1.05509 0.0037145 0)
(1.05528 0.00361683 0)
(1.05574 0.00352696 0)
(1.0559 0.00343893 0)
(1.05634 0.00335922 0)
(1.05647 0.0032814 0)
(1.05689 0.00321201 0)
(1.057 0.00314436 0)
(1.0574 0.00308528 0)
(1.05749 0.00302748 0)
(1.05788 0.00297847 0)
(1.05794 0.00293021 0)
(1.05832 0.00289088 0)
(1.05837 0.00285185 0)
(1.05875 0.00282185 0)
(1.05877 0.00279191 0)
(1.05915 0.00277125 0)
(1.05916 0.00275048 0)
(1.05953 0.00273962 0)
(1.05954 0.00272845 0)
(1.0599 0.00272779 0)
(0.999972 0.000610526 0)
(1.00033 0.00172426 0)
(1.00077 0.0026764 0)
(1.0015 0.00342121 0)
(1.00225 0.00393598 0)
(1.0032 0.00423706 0)
(1.00404 0.00437451 0)
(1.00499 0.00441826 0)
(1.00574 0.00443046 0)
(1.00656 0.00445259 0)
(1.00718 0.00450439 0)
(1.00791 0.00458549 0)
(1.00848 0.00468381 0)
(1.0092 0.00478693 0)
(1.00978 0.00488418 0)
(1.01053 0.00497098 0)
(1.01114 0.0050447 0)
(1.01193 0.00510815 0)
(1.01256 0.00516251 0)
(1.01337 0.00521194 0)
(1.01401 0.00525736 0)
(1.01482 0.00530159 0)
(1.01546 0.0053445 0)
(1.01629 0.00538741 0)
(1.01693 0.00542964 0)
(1.01777 0.00547174 0)
(1.01842 0.00551297 0)
(1.01926 0.00555377 0)
(1.01991 0.00559332 0)
(1.02077 0.0056323 0)
(1.02143 0.0056696 0)
(1.0223 0.00570633 0)
(1.02296 0.00574088 0)
(1.02384 0.00577491 0)
(1.0245 0.00580625 0)
(1.02539 0.00583707 0)
(1.02606 0.0058647 0)
(1.02696 0.00589171 0)
(1.02762 0.00591509 0)
(1.02853 0.0059376 0)
(1.0292 0.0059561 0)
(1.03011 0.00597334 0)
(1.03078 0.00598617 0)
(1.0317 0.00599727 0)
(1.03236 0.0060035 0)
(1.03328 0.00600749 0)
(1.03394 0.00600607 0)
(1.03487 0.00600194 0)
(1.03551 0.00599177 0)
(1.03644 0.00597846 0)
(1.03708 0.00595843 0)
(1.038 0.00593493 0)
(1.03862 0.0059041 0)
(1.03954 0.00586958 0)
(1.04014 0.0058273 0)
(1.04105 0.00578124 0)
(1.04163 0.00572718 0)
(1.04252 0.00566939 0)
(1.04309 0.0056035 0)
(1.04396 0.00553411 0)
(1.04449 0.00545675 0)
(1.04534 0.00537635 0)
(1.04585 0.00528837 0)
(1.04667 0.00519806 0)
(1.04714 0.00510083 0)
(1.04793 0.00500225 0)
(1.04837 0.00489765 0)
(1.04913 0.0047929 0)
(1.04952 0.0046832 0)
(1.05025 0.00457474 0)
(1.05061 0.00446248 0)
(1.0513 0.00435292 0)
(1.05161 0.00424076 0)
(1.05227 0.00413262 0)
(1.05254 0.00402308 0)
(1.05317 0.00391871 0)
(1.0534 0.00381397 0)
(1.05399 0.00371544 0)
(1.05419 0.00361727 0)
(1.05476 0.00352623 0)
(1.05492 0.003436 0)
(1.05546 0.00335356 0)
(1.0556 0.00327223 0)
(1.05611 0.00319901 0)
(1.05622 0.00312703 0)
(1.05671 0.0030633 0)
(1.0568 0.00300069 0)
(1.05728 0.00294644 0)
(1.05735 0.00289301 0)
(1.05781 0.002848 0)
(1.05786 0.00280352 0)
(1.05832 0.00276745 0)
(1.05835 0.00273168 0)
(1.0588 0.00270432 0)
(1.05882 0.00267715 0)
(1.05926 0.00265858 0)
(1.05928 0.0026401 0)
(1.05972 0.0026305 0)
(1.05972 0.00262092 0)
(1.06016 0.00262053 0)
(0.999946 0.000512847 0)
(1.00031 0.00146942 0)
(1.00061 0.00231361 0)
(1.0013 0.0030049 0)
(1.00189 0.0035166 0)
(1.00281 0.00384974 0)
(1.00354 0.00402987 0)
(1.00449 0.00410675 0)
(1.00518 0.00413243 0)
(1.00606 0.00415023 0)
(1.00664 0.00418407 0)
(1.00743 0.00424511 0)
(1.00796 0.00432659 0)
(1.00873 0.00442033 0)
(1.00926 0.00451376 0)
(1.01005 0.00460153 0)
(1.01061 0.00467761 0)
(1.01143 0.00474362 0)
(1.01201 0.00479928 0)
(1.01286 0.00484886 0)
(1.01345 0.00489303 0)
(1.01431 0.00493532 0)
(1.01491 0.00497553 0)
(1.01578 0.00501586 0)
(1.01638 0.00505522 0)
(1.01725 0.00509509 0)
(1.01786 0.00513385 0)
(1.01874 0.00517294 0)
(1.01935 0.00521041 0)
(1.02025 0.00524799 0)
(1.02086 0.00528348 0)
(1.02177 0.00531892 0)
(1.02239 0.00535187 0)
(1.02331 0.00538461 0)
(1.02393 0.00541454 0)
(1.02485 0.00544408 0)
(1.02548 0.00547056 0)
(1.02641 0.00549638 0)
(1.02705 0.00551891 0)
(1.02798 0.00554042 0)
(1.02862 0.00555839 0)
(1.02956 0.00557494 0)
(1.03019 0.0055876 0)
(1.03114 0.0055984 0)
(1.03177 0.00560489 0)
(1.03272 0.00560905 0)
(1.03334 0.0056084 0)
(1.03429 0.00560498 0)
(1.03491 0.00559621 0)
(1.03586 0.00558423 0)
(1.03647 0.00556637 0)
(1.03741 0.00554492 0)
(1.03801 0.00551718 0)
(1.03894 0.00548555 0)
(1.03952 0.00544736 0)
(1.04044 0.00540512 0)
(1.04101 0.0053562 0)
(1.04191 0.00530318 0)
(1.04245 0.0052435 0)
(1.04334 0.00517984 0)
(1.04386 0.00510973 0)
(1.04472 0.00503596 0)
(1.04521 0.00495618 0)
(1.04604 0.00487332 0)
(1.0465 0.00478513 0)
(1.0473 0.00469465 0)
(1.04772 0.00459976 0)
(1.04849 0.00450357 0)
(1.04888 0.00440405 0)
(1.04962 0.00430436 0)
(1.04996 0.00420252 0)
(1.05067 0.00410167 0)
(1.05097 0.00399989 0)
(1.05164 0.0039002 0)
(1.05191 0.00380073 0)
(1.05254 0.00370436 0)
(1.05277 0.0036092 0)
(1.05338 0.00351801 0)
(1.05357 0.00342881 0)
(1.05415 0.00334429 0)
(1.05431 0.00326233 0)
(1.05486 0.0031855 0)
(1.05499 0.00311166 0)
(1.05552 0.00304316 0)
(1.05563 0.00297786 0)
(1.05614 0.00291798 0)
(1.05622 0.00286131 0)
(1.05671 0.00281005 0)
(1.05678 0.00276192 0)
(1.05726 0.00271907 0)
(1.05731 0.00267928 0)
(1.05778 0.00264463 0)
(1.05781 0.00261299 0)
(1.05827 0.00258639 0)
(1.05829 0.00256284 0)
(1.05875 0.00254436 0)
(1.05876 0.00252897 0)
(1.05922 0.00251863 0)
(1.05923 0.00251141 0)
(1.05968 0.00250896 0)
(0.999937 0.00043686 0)
(1.00028 0.00126245 0)
(1.00051 0.00200743 0)
(1.00114 0.0026364 0)
(1.00164 0.00312597 0)
(1.00249 0.00346859 0)
(1.00314 0.0036775 0)
(1.00407 0.00378369 0)
(1.00473 0.00382823 0)
(1.00561 0.00385056 0)
(1.00619 0.00387663 0)
(1.00701 0.00392231 0)
(1.00753 0.00398854 0)
(1.00832 0.00407023 0)
(1.00883 0.00415695 0)
(1.00963 0.00424196 0)
(1.01017 0.0043186 0)
(1.01101 0.00438577 0)
(1.01157 0.00444277 0)
(1.01242 0.00449237 0)
(1.013 0.00453594 0)
(1.01387 0.00457638 0)
(1.01445 0.00461445 0)
(1.01533 0.00465207 0)
(1.01592 0.00468892 0)
(1.01681 0.00472616 0)
(1.0174 0.00476273 0)
(1.01829 0.00479958 0)
(1.01889 0.0048353 0)
(1.01979 0.00487093 0)
(1.0204 0.00490497 0)
(1.02131 0.00493858 0)
(1.02192 0.00497028 0)
(1.02285 0.00500124 0)
(1.02346 0.00503009 0)
(1.02439 0.00505793 0)
(1.02501 0.00508352 0)
(1.02595 0.0051078 0)
(1.02657 0.00512968 0)
(1.02751 0.00514993 0)
(1.02813 0.00516754 0)
(1.02908 0.00518317 0)
(1.0297 0.00519585 0)
(1.03066 0.00520616 0)
(1.03128 0.00521311 0)
(1.03223 0.00521727 0)
(1.03285 0.00521763 0)
(1.0338 0.00521475 0)
(1.03441 0.00520764 0)
(1.03536 0.00519685 0)
(1.03596 0.00518141 0)
(1.0369 0.00516192 0)
(1.03749 0.00513745 0)
(1.03843 0.00510864 0)
(1.039 0.00507466 0)
(1.03992 0.00503614 0)
(1.04048 0.00499238 0)
(1.04138 0.00494402 0)
(1.04192 0.00489046 0)
(1.0428 0.00483238 0)
(1.04331 0.00476933 0)
(1.04418 0.00470201 0)
(1.04466 0.00463016 0)
(1.04549 0.00455452 0)
(1.04594 0.004475 0)
(1.04675 0.00439238 0)
(1.04716 0.00430676 0)
(1.04794 0.00421888 0)
(1.04832 0.00412902 0)
(1.04906 0.00403787 0)
(1.0494 0.00394584 0)
(1.05011 0.00385354 0)
(1.05041 0.00376149 0)
(1.05108 0.00367013 0)
(1.05134 0.00358008 0)
(1.05199 0.00349162 0)
(1.05221 0.00340539 0)
(1.05282 0.00332153 0)
(1.05301 0.00324064 0)
(1.0536 0.0031627 0)
(1.05375 0.00308833 0)
(1.05431 0.0030173 0)
(1.05444 0.00295025 0)
(1.05498 0.00288673 0)
(1.05508 0.00282742 0)
(1.05559 0.00277171 0)
(1.05568 0.00272028 0)
(1.05618 0.00267239 0)
(1.05624 0.00262881 0)
(1.05672 0.0025886 0)
(1.05677 0.00255269 0)
(1.05725 0.00252001 0)
(1.05728 0.00249164 0)
(1.05775 0.00246639 0)
(1.05777 0.0024455 0)
(1.05823 0.00242769 0)
(1.05824 0.00241432 0)
(1.0587 0.00240391 0)
(1.05871 0.00239791 0)
(1.05917 0.00239436 0)
(0.999934 0.000374549 0)
(1.00025 0.00109003 0)
(1.00044 0.00174373 0)
(1.00102 0.00230973 0)
(1.00145 0.00276592 0)
(1.00224 0.0031037 0)
(1.00283 0.00332662 0)
(1.00373 0.00345533 0)
(1.00435 0.00351811 0)
(1.00523 0.00354902 0)
(1.00581 0.00357333 0)
(1.00664 0.00360886 0)
(1.00716 0.00366177 0)
(1.00796 0.00373088 0)
(1.00847 0.00380861 0)
(1.00928 0.00388815 0)
(1.00981 0.00396285 0)
(1.01064 0.00402973 0)
(1.01119 0.00408726 0)
(1.01205 0.00413685 0)
(1.01262 0.00417983 0)
(1.01349 0.00421877 0)
(1.01407 0.00425483 0)
(1.01495 0.00428993 0)
(1.01553 0.00432423 0)
(1.01642 0.00435883 0)
(1.01701 0.00439306 0)
(1.01791 0.00442756 0)
(1.0185 0.00446134 0)
(1.01941 0.00449494 0)
(1.02 0.00452736 0)
(1.02092 0.00455913 0)
(1.02152 0.00458939 0)
(1.02245 0.00461865 0)
(1.02306 0.0046462 0)
(1.02399 0.00467248 0)
(1.02461 0.00469692 0)
(1.02555 0.00471988 0)
(1.02616 0.00474084 0)
(1.02711 0.00476007 0)
(1.02772 0.00477706 0)
(1.02868 0.00479205 0)
(1.02929 0.00480449 0)
(1.03025 0.0048146 0)
(1.03086 0.00482178 0)
(1.03181 0.00482624 0)
(1.03242 0.00482738 0)
(1.03338 0.0048254 0)
(1.03398 0.0048197 0)
(1.03493 0.00481049 0)
(1.03553 0.00479719 0)
(1.03647 0.00478006 0)
(1.03705 0.00475855 0)
(1.03799 0.00473295 0)
(1.03856 0.0047028 0)
(1.03948 0.00466839 0)
(1.04003 0.00462935 0)
(1.04093 0.00458599 0)
(1.04146 0.00453805 0)
(1.04235 0.00448587 0)
(1.04285 0.00442929 0)
(1.04371 0.00436873 0)
(1.04419 0.00430415 0)
(1.04503 0.00423603 0)
(1.04547 0.00416448 0)
(1.04628 0.00409002 0)
(1.04669 0.0040129 0)
(1.04746 0.00393365 0)
(1.04784 0.00385264 0)
(1.04858 0.00377039 0)
(1.04892 0.00368734 0)
(1.04963 0.00360398 0)
(1.04992 0.00352081 0)
(1.0506 0.00343823 0)
(1.05086 0.00335675 0)
(1.05151 0.00327671 0)
(1.05173 0.00319857 0)
(1.05234 0.00312259 0)
(1.05253 0.00304917 0)
(1.05312 0.00297846 0)
(1.05328 0.00291083 0)
(1.05384 0.0028463 0)
(1.05397 0.0027852 0)
(1.0545 0.00272743 0)
(1.05461 0.00267328 0)
(1.05513 0.00262256 0)
(1.05521 0.00257553 0)
(1.05571 0.0025319 0)
(1.05577 0.00249197 0)
(1.05626 0.00245535 0)
(1.05631 0.00242239 0)
(1.05679 0.00239267 0)
(1.05682 0.00236658 0)
(1.05729 0.00234367 0)
(1.05731 0.0023244 0)
(1.05778 0.00230828 0)
(1.05779 0.00229582 0)
(1.05825 0.00228641 0)
(1.05826 0.00228051 0)
(1.05872 0.00227734 0)
(0.999933 0.000322211 0)
(1.00023 0.000942122 0)
(1.00038 0.00151396 0)
(1.00092 0.00201843 0)
(1.0013 0.00243617 0)
(1.00204 0.00275836 0)
(1.00258 0.00298396 0)
(1.00344 0.0031259 0)
(1.00403 0.00320359 0)
(1.00491 0.00324377 0)
(1.00548 0.00326955 0)
(1.00632 0.00329915 0)
(1.00685 0.00334129 0)
(1.00765 0.0033986 0)
(1.00816 0.00346631 0)
(1.00897 0.00353876 0)
(1.00949 0.00360939 0)
(1.01032 0.00367456 0)
(1.01087 0.00373151 0)
(1.01173 0.00378086 0)
(1.01229 0.0038231 0)
(1.01316 0.00386081 0)
(1.01373 0.00389493 0)
(1.01462 0.00392778 0)
(1.0152 0.00395951 0)
(1.01609 0.00399157 0)
(1.01667 0.00402329 0)
(1.01757 0.00405548 0)
(1.01816 0.00408711 0)
(1.01907 0.00411874 0)
(1.01967 0.0041493 0)
(1.02058 0.00417936 0)
(1.02119 0.00420796 0)
(1.02211 0.00423569 0)
(1.02272 0.00426173 0)
(1.02365 0.00428667 0)
(1.02426 0.00430977 0)
(1.0252 0.00433162 0)
(1.02582 0.00435147 0)
(1.02676 0.00436992 0)
(1.02737 0.00438613 0)
(1.02833 0.00440071 0)
(1.02894 0.00441277 0)
(1.02989 0.00442292 0)
(1.0305 0.00443019 0)
(1.03146 0.00443522 0)
(1.03206 0.004437 0)
(1.03302 0.00443618 0)
(1.03362 0.00443175 0)
(1.03457 0.00442439 0)
(1.03516 0.00441309 0)
(1.0361 0.00439857 0)
(1.03668 0.00437986 0)
(1.03761 0.0043577 0)
(1.03818 0.00433117 0)
(1.0391 0.00430107 0)
(1.03964 0.00426651 0)
(1.04055 0.00422834 0)
(1.04107 0.00418573 0)
(1.04196 0.0041396 0)
(1.04246 0.00408919 0)
(1.04332 0.00403551 0)
(1.04379 0.00397787 0)
(1.04462 0.00391738 0)
(1.04506 0.00385343 0)
(1.04587 0.00378723 0)
(1.04628 0.00371823 0)
(1.04706 0.00364772 0)
(1.04743 0.00357516 0)
(1.04817 0.00350192 0)
(1.0485 0.00342746 0)
(1.04921 0.00335317 0)
(1.04951 0.00327851 0)
(1.05019 0.00320485 0)
(1.05045 0.0031316 0)
(1.05109 0.00306014 0)
(1.05132 0.00298978 0)
(1.05193 0.00292186 0)
(1.05212 0.00285562 0)
(1.05271 0.00279235 0)
(1.05287 0.0027312 0)
(1.05343 0.0026734 0)
(1.05356 0.00261802 0)
(1.0541 0.00256625 0)
(1.0542 0.00251704 0)
(1.05473 0.00247158 0)
(1.05481 0.00242874 0)
(1.05531 0.00238967 0)
(1.05537 0.00235318 0)
(1.05587 0.00232046 0)
(1.05591 0.00229025 0)
(1.05639 0.00226377 0)
(1.05642 0.00223975 0)
(1.0569 0.00221945 0)
(1.05692 0.00220156 0)
(1.05739 0.00218739 0)
(1.0574 0.00217558 0)
(1.05787 0.00216744 0)
(1.05787 0.0021615 0)
(1.05834 0.00215917 0)
(0.999933 0.000277056 0)
(1.00022 0.000812544 0)
(1.00034 0.00131076 0)
(1.00085 0.00175613 0)
(1.00118 0.00213298 0)
(1.00188 0.00243238 0)
(1.00238 0.00265184 0)
(1.0032 0.00279844 0)
(1.00377 0.002886 0)
(1.00463 0.00293417 0)
(1.0052 0.00296287 0)
(1.00604 0.00298938 0)
(1.00657 0.00302359 0)
(1.00739 0.00307062 0)
(1.0079 0.00312838 0)
(1.00871 0.00319298 0)
(1.00923 0.00325814 0)
(1.01006 0.00332029 0)
(1.0106 0.00337564 0)
(1.01145 0.00342423 0)
(1.01201 0.00346557 0)
(1.01288 0.00350212 0)
(1.01345 0.00353449 0)
(1.01433 0.00356527 0)
(1.01491 0.00359457 0)
(1.0158 0.00362417 0)
(1.01639 0.0036534 0)
(1.01729 0.0036833 0)
(1.01788 0.00371271 0)
(1.01879 0.00374238 0)
(1.01938 0.00377103 0)
(1.0203 0.00379941 0)
(1.0209 0.00382631 0)
(1.02182 0.00385258 0)
(1.02243 0.00387709 0)
(1.02336 0.00390078 0)
(1.02397 0.00392254 0)
(1.02491 0.00394337 0)
(1.02552 0.00396215 0)
(1.02646 0.00397989 0)
(1.02708 0.00399537 0)
(1.02803 0.00400962 0)
(1.02864 0.00402136 0)
(1.02959 0.00403162 0)
(1.0302 0.00403906 0)
(1.03115 0.00404472 0)
(1.03176 0.00404722 0)
(1.03271 0.00404763 0)
(1.0333 0.00404456 0)
(1.03425 0.0040391 0)
(1.03484 0.00402986 0)
(1.03578 0.004018 0)
(1.03636 0.00400212 0)
(1.03729 0.00398343 0)
(1.03785 0.00396054 0)
(1.03877 0.00393474 0)
(1.03931 0.00390466 0)
(1.04021 0.00387163 0)
(1.04074 0.00383433 0)
(1.04162 0.00379419 0)
(1.04212 0.00374991 0)
(1.04298 0.00370301 0)
(1.04344 0.00365225 0)
(1.04428 0.00359927 0)
(1.04472 0.00354287 0)
(1.04552 0.00348479 0)
(1.04593 0.00342386 0)
(1.0467 0.00336191 0)
(1.04707 0.00329777 0)
(1.04782 0.00323336 0)
(1.04815 0.00316747 0)
(1.04886 0.00310208 0)
(1.04916 0.00303594 0)
(1.04984 0.00297103 0)
(1.05009 0.00290605 0)
(1.05074 0.002843 0)
(1.05096 0.00278047 0)
(1.05158 0.00272046 0)
(1.05177 0.00266147 0)
(1.05236 0.0026055 0)
(1.05252 0.00255092 0)
(1.05308 0.00249972 0)
(1.05321 0.00245019 0)
(1.05375 0.00240428 0)
(1.05386 0.00236019 0)
(1.05438 0.00231986 0)
(1.05446 0.00228138 0)
(1.05497 0.00224673 0)
(1.05503 0.00221391 0)
(1.05553 0.00218491 0)
(1.05557 0.00215767 0)
(1.05606 0.00213425 0)
(1.05609 0.00211253 0)
(1.05656 0.00209462 0)
(1.05658 0.00207834 0)
(1.05706 0.00206588 0)
(1.05707 0.00205498 0)
(1.05754 0.00204788 0)
(1.05754 0.00204224 0)
(1.05801 0.0020405 0)
(0.999932 0.000237088 0)
(1.0002 0.000697145 0)
(1.00031 0.001128 0)
(1.00079 0.00151725 0)
(1.00109 0.00185191 0)
(1.00176 0.00212433 0)
(1.00221 0.00233074 0)
(1.00301 0.00247535 0)
(1.00355 0.00256708 0)
(1.0044 0.00262099 0)
(1.00496 0.0026526 0)
(1.0058 0.00267779 0)
(1.00634 0.00270643 0)
(1.00715 0.00274513 0)
(1.00767 0.00279373 0)
(1.00849 0.00285031 0)
(1.00901 0.00290926 0)
(1.00983 0.0029673 0)
(1.01037 0.00302015 0)
(1.01122 0.00306729 0)
(1.01177 0.00310749 0)
(1.01264 0.0031428 0)
(1.01321 0.00317357 0)
(1.01409 0.00320241 0)
(1.01467 0.00322947 0)
(1.01556 0.00325671 0)
(1.01614 0.00328354 0)
(1.01704 0.00331115 0)
(1.01763 0.00333837 0)
(1.01854 0.00336605 0)
(1.01913 0.00339281 0)
(1.02005 0.00341949 0)
(1.02065 0.00344475 0)
(1.02157 0.00346955 0)
(1.02218 0.00349263 0)
(1.02311 0.00351505 0)
(1.02372 0.0035356 0)
(1.02466 0.00355542 0)
(1.02526 0.00357327 0)
(1.02621 0.00359029 0)
(1.02682 0.00360519 0)
(1.02777 0.00361911 0)
(1.02838 0.00363068 0)
(1.02933 0.00364105 0)
(1.02994 0.0036488 0)
(1.03089 0.00365509 0)
(1.03149 0.00365845 0)
(1.03244 0.00366008 0)
(1.03304 0.0036585 0)
(1.03398 0.00365492 0)
(1.03457 0.00364788 0)
(1.03551 0.00363862 0)
(1.03608 0.0036257 0)
(1.03701 0.00361039 0)
(1.03757 0.00359126 0)
(1.03849 0.00356965 0)
(1.03903 0.00354414 0)
(1.03993 0.00351614 0)
(1.04045 0.00348423 0)
(1.04133 0.00344992 0)
(1.04182 0.00341184 0)
(1.04268 0.00337155 0)
(1.04315 0.00332774 0)
(1.04398 0.00328207 0)
(1.04442 0.00323326 0)
(1.04523 0.00318308 0)
(1.04563 0.00313027 0)
(1.0464 0.00307666 0)
(1.04677 0.00302099 0)
(1.04751 0.00296518 0)
(1.04785 0.00290794 0)
(1.04856 0.00285121 0)
(1.04885 0.00279367 0)
(1.04953 0.00273728 0)
(1.04979 0.00268067 0)
(1.05044 0.0026258 0)
(1.05066 0.00257123 0)
(1.05128 0.00251891 0)
(1.05147 0.00246731 0)
(1.05206 0.0024184 0)
(1.05222 0.00237057 0)
(1.05278 0.00232575 0)
(1.05291 0.00228225 0)
(1.05346 0.00224199 0)
(1.05356 0.00220321 0)
(1.05409 0.0021678 0)
(1.05417 0.00213392 0)
(1.05468 0.00210346 0)
(1.05474 0.00207453 0)
(1.05524 0.00204903 0)
(1.05528 0.00202501 0)
(1.05577 0.0020044 0)
(1.0558 0.00198522 0)
(1.05628 0.00196944 0)
(1.0563 0.00195502 0)
(1.05677 0.001944 0)
(1.05678 0.00193428 0)
(1.05726 0.00192798 0)
(1.05726 0.00192297 0)
(1.05773 0.00192145 0)
(0.999932 0.000201049 0)
(1.0002 0.000592498 0)
(1.00028 0.000961079 0)
(1.00074 0.00129699 0)
(1.00102 0.00158949 0)
(1.00165 0.00183226 0)
(1.00208 0.00202094 0)
(1.00285 0.00215812 0)
(1.00337 0.0022492 0)
(1.00421 0.00230578 0)
(1.00476 0.00233947 0)
(1.0056 0.00236413 0)
(1.00613 0.00238894 0)
(1.00696 0.00242109 0)
(1.00748 0.00246173 0)
(1.00829 0.00251049 0)
(1.00881 0.0025629 0)
(1.00964 0.002616 0)
(1.01017 0.00266555 0)
(1.01102 0.00271048 0)
(1.01157 0.00274917 0)
(1.01244 0.00278302 0)
(1.013 0.00281226 0)
(1.01389 0.00283921 0)
(1.01446 0.00286421 0)
(1.01535 0.00288916 0)
(1.01594 0.00291371 0)
(1.01684 0.00293902 0)
(1.01742 0.00296412 0)
(1.01833 0.00298974 0)
(1.01892 0.00301467 0)
(1.01984 0.00303958 0)
(1.02044 0.00306328 0)
(1.02136 0.00308656 0)
(1.02197 0.00310831 0)
(1.0229 0.00312945 0)
(1.0235 0.00314892 0)
(1.02444 0.0031677 0)
(1.02505 0.00318475 0)
(1.026 0.00320104 0)
(1.0266 0.00321551 0)
(1.02755 0.00322907 0)
(1.02816 0.00324063 0)
(1.02911 0.00325108 0)
(1.02972 0.0032593 0)
(1.03067 0.00326618 0)
(1.03127 0.00327057 0)
(1.03222 0.00327337 0)
(1.03281 0.00327343 0)
(1.03376 0.00327168 0)
(1.03434 0.00326698 0)
(1.03528 0.00326026 0)
(1.03585 0.00325043 0)
(1.03678 0.00323842 0)
(1.03733 0.00322317 0)
(1.03825 0.00320565 0)
(1.03879 0.00318483 0)
(1.03969 0.00316171 0)
(1.0402 0.00313531 0)
(1.04109 0.00310668 0)
(1.04158 0.00307489 0)
(1.04244 0.00304104 0)
(1.0429 0.00300426 0)
(1.04373 0.00296572 0)
(1.04417 0.00292459 0)
(1.04497 0.0028821 0)
(1.04537 0.00283747 0)
(1.04615 0.00279198 0)
(1.04651 0.00274487 0)
(1.04726 0.00269743 0)
(1.04759 0.00264892 0)
(1.0483 0.00260063 0)
(1.04859 0.00255181 0)
(1.04927 0.00250371 0)
(1.04953 0.0024556 0)
(1.05018 0.00240868 0)
(1.0504 0.0023622 0)
(1.05102 0.00231732 0)
(1.05121 0.00227328 0)
(1.0518 0.0022312 0)
(1.05196 0.00219028 0)
(1.05253 0.0021516 0)
(1.05266 0.00211432 0)
(1.05321 0.00207949 0)
(1.05331 0.00204622 0)
(1.05384 0.0020155 0)
(1.05392 0.00198643 0)
(1.05443 0.00195994 0)
(1.05449 0.00193512 0)
(1.05499 0.00191288 0)
(1.05504 0.0018923 0)
(1.05552 0.00187426 0)
(1.05556 0.00185787 0)
(1.05604 0.00184396 0)
(1.05606 0.00183166 0)
(1.05653 0.0018218 0)
(1.05654 0.00181354 0)
(1.05702 0.00180775 0)
(1.05702 0.00180368 0)
(1.05749 0.00180205 0)
(0.999932 0.000167958 0)
(1.00019 0.000495898 0)
(1.00026 0.000806396 0)
(1.00071 0.00109138 0)
(1.00096 0.00134245 0)
(1.00157 0.00155403 0)
(1.00198 0.00172204 0)
(1.00272 0.00184762 0)
(1.00323 0.00193426 0)
(1.00405 0.00199036 0)
(1.00459 0.00202492 0)
(1.00542 0.00204909 0)
(1.00596 0.00207119 0)
(1.00679 0.00209811 0)
(1.00732 0.00213199 0)
(1.00814 0.00217337 0)
(1.00866 0.00221916 0)
(1.00948 0.00226671 0)
(1.01001 0.00231225 0)
(1.01086 0.00235421 0)
(1.0114 0.00239088 0)
(1.01227 0.00242293 0)
(1.01283 0.00245057 0)
(1.01371 0.00247561 0)
(1.01429 0.00249868 0)
(1.01518 0.00252137 0)
(1.01576 0.00254375 0)
(1.01666 0.00256672 0)
(1.01725 0.00258974 0)
(1.01816 0.00261323 0)
(1.01875 0.00263634 0)
(1.01967 0.00265939 0)
(1.02026 0.00268157 0)
(1.02119 0.00270324 0)
(1.02179 0.00272374 0)
(1.02272 0.00274352 0)
(1.02332 0.00276201 0)
(1.02426 0.00277971 0)
(1.02487 0.00279608 0)
(1.02582 0.00281162 0)
(1.02642 0.00282576 0)
(1.02737 0.00283894 0)
(1.02798 0.0028506 0)
(1.02893 0.0028611 0)
(1.02953 0.00286991 0)
(1.03048 0.00287735 0)
(1.03108 0.00288289 0)
(1.03203 0.00288683 0)
(1.03262 0.00288867 0)
(1.03356 0.0028887 0)
(1.03415 0.00288646 0)
(1.03508 0.00288223 0)
(1.03565 0.0028756 0)
(1.03658 0.00286683 0)
(1.03714 0.00285556 0)
(1.03805 0.00284206 0)
(1.03859 0.00282602 0)
(1.03949 0.00280771 0)
(1.04 0.0027869 0)
(1.04088 0.00276386 0)
(1.04137 0.00273844 0)
(1.04223 0.00271092 0)
(1.04269 0.00268123 0)
(1.04352 0.00264969 0)
(1.04395 0.00261629 0)
(1.04476 0.00258136 0)
(1.04516 0.00254496 0)
(1.04593 0.00250744 0)
(1.0463 0.00246892 0)
(1.04704 0.00242971 0)
(1.04737 0.00238999 0)
(1.04808 0.00234999 0)
(1.04837 0.00230994 0)
(1.04906 0.00227002 0)
(1.04931 0.00223046 0)
(1.04996 0.00219137 0)
(1.05018 0.00215304 0)
(1.05081 0.0021155 0)
(1.05099 0.00207907 0)
(1.05159 0.0020437 0)
(1.05175 0.00200977 0)
(1.05232 0.00197712 0)
(1.05244 0.00194616 0)
(1.05299 0.00191664 0)
(1.0531 0.00188897 0)
(1.05363 0.00186283 0)
(1.05371 0.00183867 0)
(1.05422 0.00181604 0)
(1.05428 0.00179544 0)
(1.05478 0.00177635 0)
(1.05483 0.00175932 0)
(1.05532 0.00174374 0)
(1.05535 0.00173024 0)
(1.05583 0.0017181 0)
(1.05585 0.00170804 0)
(1.05633 0.00169925 0)
(1.05634 0.00169258 0)
(1.05682 0.00168719 0)
(1.05682 0.00168412 0)
(1.05729 0.00168234 0)
(0.999931 0.000136863 0)
(1.00018 0.000405269 0)
(1.00025 0.000660714 0)
(1.00068 0.000897078 0)
(1.00091 0.00110745 0)
(1.00151 0.00128737 0)
(1.0019 0.00143281 0)
(1.00262 0.00154424 0)
(1.00311 0.00162346 0)
(1.00392 0.00167677 0)
(1.00445 0.00171069 0)
(1.00529 0.00173422 0)
(1.00582 0.00175409 0)
(1.00665 0.00177684 0)
(1.00718 0.00180478 0)
(1.008 0.00183944 0)
(1.00853 0.00187852 0)
(1.00935 0.00192027 0)
(1.00988 0.00196103 0)
(1.01072 0.00199945 0)
(1.01127 0.00203338 0)
(1.01213 0.00206336 0)
(1.01269 0.00208903 0)
(1.01357 0.00211223 0)
(1.01415 0.00213321 0)
(1.01504 0.0021538 0)
(1.01562 0.00217386 0)
(1.01652 0.00219463 0)
(1.01711 0.00221534 0)
(1.01802 0.00223677 0)
(1.01861 0.00225779 0)
(1.01953 0.00227905 0)
(1.02012 0.00229941 0)
(1.02105 0.0023196 0)
(1.02164 0.00233856 0)
(1.02258 0.00235715 0)
(1.02318 0.00237439 0)
(1.02412 0.0023912 0)
(1.02472 0.00240664 0)
(1.02567 0.00242163 0)
(1.02627 0.0024352 0)
(1.02722 0.00244823 0)
(1.02782 0.00245972 0)
(1.02878 0.00247054 0)
(1.02938 0.00247966 0)
(1.03033 0.00248794 0)
(1.03092 0.00249434 0)
(1.03187 0.00249972 0)
(1.03246 0.00250303 0)
(1.03341 0.00250516 0)
(1.03399 0.00250507 0)
(1.03492 0.00250366 0)
(1.03549 0.00249989 0)
(1.03642 0.00249471 0)
(1.03697 0.00248706 0)
(1.03789 0.00247794 0)
(1.03842 0.00246629 0)
(1.03932 0.00245318 0)
(1.03983 0.00243754 0)
(1.04071 0.00242049 0)
(1.0412 0.00240099 0)
(1.04206 0.00238021 0)
(1.04252 0.00235714 0)
(1.04335 0.00233302 0)
(1.04378 0.00230683 0)
(1.04458 0.00227989 0)
(1.04498 0.00225118 0)
(1.04576 0.00222209 0)
(1.04612 0.00219159 0)
(1.04686 0.0021611 0)
(1.04719 0.00212955 0)
(1.0479 0.00209839 0)
(1.0482 0.0020665 0)
(1.04888 0.00203531 0)
(1.04913 0.00200367 0)
(1.04979 0.00197303 0)
(1.05001 0.00194218 0)
(1.05063 0.00191262 0)
(1.05082 0.00188309 0)
(1.05141 0.00185514 0)
(1.05157 0.00182745 0)
(1.05214 0.00180158 0)
(1.05227 0.00177614 0)
(1.05282 0.00175272 0)
(1.05292 0.00172984 0)
(1.05345 0.00170912 0)
(1.05353 0.00168899 0)
(1.05405 0.0016711 0)
(1.05411 0.00165381 0)
(1.05461 0.0016388 0)
(1.05466 0.00162437 0)
(1.05515 0.00161223 0)
(1.05518 0.00160062 0)
(1.05566 0.0015913 0)
(1.05568 0.00158243 0)
(1.05616 0.00157585 0)
(1.05617 0.00156966 0)
(1.05665 0.00156581 0)
(1.05665 0.00156247 0)
(1.05713 0.00156194 0)
(0.999931 0.000106895 0)
(1.00018 0.000318505 0)
(1.00024 0.000520852 0)
(1.00066 0.000710604 0)
(1.00088 0.000880909 0)
(1.00147 0.00102944 0)
(1.00183 0.00115125 0)
(1.00255 0.00124735 0)
(1.00302 0.00131723 0)
(1.00382 0.00136655 0)
(1.00434 0.00139862 0)
(1.00517 0.00142159 0)
(1.00571 0.00143935 0)
(1.00654 0.00145898 0)
(1.00707 0.00148151 0)
(1.0079 0.00151032 0)
(1.00842 0.00154258 0)
(1.00925 0.00157865 0)
(1.00978 0.0016139 0)
(1.01062 0.00164855 0)
(1.01116 0.00167888 0)
(1.01202 0.00170672 0)
(1.01258 0.00172985 0)
(1.01346 0.00175145 0)
(1.01403 0.00176994 0)
(1.01493 0.00178879 0)
(1.0155 0.00180612 0)
(1.01641 0.001825 0)
(1.01699 0.00184292 0)
(1.0179 0.00186253 0)
(1.01849 0.0018809 0)
(1.01941 0.00190059 0)
(1.02 0.00191854 0)
(1.02093 0.00193747 0)
(1.02153 0.00195431 0)
(1.02246 0.00197198 0)
(1.02306 0.00198739 0)
(1.024 0.00200364 0)
(1.0246 0.00201756 0)
(1.02555 0.00203235 0)
(1.02615 0.00204475 0)
(1.0271 0.00205801 0)
(1.0277 0.00206873 0)
(1.02866 0.00208027 0)
(1.02926 0.00208908 0)
(1.03021 0.00209864 0)
(1.0308 0.00210525 0)
(1.03175 0.00211253 0)
(1.03234 0.00211664 0)
(1.03328 0.00212137 0)
(1.03386 0.00212273 0)
(1.0348 0.00212466 0)
(1.03536 0.00212305 0)
(1.03629 0.00212199 0)
(1.03684 0.00211723 0)
(1.03776 0.00211306 0)
(1.03829 0.00210505 0)
(1.03919 0.00209772 0)
(1.0397 0.00208646 0)
(1.04058 0.00207601 0)
(1.04106 0.00206161 0)
(1.04192 0.00204822 0)
(1.04238 0.0020309 0)
(1.04321 0.00201486 0)
(1.04364 0.00199498 0)
(1.04444 0.00197672 0)
(1.04484 0.00195476 0)
(1.04561 0.00193482 0)
(1.04598 0.00191134 0)
(1.04672 0.00189033 0)
(1.04705 0.00186595 0)
(1.04776 0.00184445 0)
(1.04805 0.00181967 0)
(1.04873 0.00179811 0)
(1.04899 0.00177331 0)
(1.04964 0.00175206 0)
(1.04986 0.00172757 0)
(1.05049 0.001707 0)
(1.05067 0.00168323 0)
(1.05127 0.00166374 0)
(1.05143 0.00164109 0)
(1.052 0.00162311 0)
(1.05213 0.00160194 0)
(1.05268 0.00158579 0)
(1.05278 0.00156638 0)
(1.05331 0.00155231 0)
(1.05339 0.00153484 0)
(1.05391 0.00152299 0)
(1.05397 0.00150756 0)
(1.05447 0.00149801 0)
(1.05452 0.00148465 0)
(1.05501 0.00147741 0)
(1.05504 0.00146609 0)
(1.05553 0.00146113 0)
(1.05555 0.0014518 0)
(1.05603 0.00144908 0)
(1.05604 0.00144166 0)
(1.05652 0.00144111 0)
(1.05652 0.00143558 0)
(1.057 0.0014379 0)
(0.999931 7.75447e-05 0)
(1.00018 0.000232895 0)
(1.00023 0.000383726 0)
(1.00065 0.000527447 0)
(1.00086 0.000658921 0)
(1.00143 0.000775802 0)
(1.00179 0.000874233 0)
(1.00249 0.000954008 0)
(1.00296 0.00101448 0)
(1.00375 0.00105882 0)
(1.00427 0.00108945 0)
(1.00509 0.00111159 0)
(1.00563 0.00112871 0)
(1.00646 0.0011458 0)
(1.00699 0.00116482 0)
(1.00782 0.00118815 0)
(1.00834 0.00121494 0)
(1.00917 0.00124487 0)
(1.0097 0.00127534 0)
(1.01054 0.00130532 0)
(1.01108 0.00133271 0)
(1.01194 0.00135751 0)
(1.0125 0.00137898 0)
(1.01338 0.00139822 0)
(1.01395 0.00141535 0)
(1.01484 0.00143173 0)
(1.01542 0.00144753 0)
(1.01632 0.00146366 0)
(1.01691 0.00147991 0)
(1.01782 0.00149667 0)
(1.01841 0.00151348 0)
(1.01933 0.00153043 0)
(1.01992 0.0015471 0)
(1.02084 0.0015635 0)
(1.02144 0.00157943 0)
(1.02237 0.00159483 0)
(1.02297 0.00160971 0)
(1.02391 0.00162396 0)
(1.02452 0.00163775 0)
(1.02546 0.00165084 0)
(1.02606 0.00166353 0)
(1.02701 0.00167542 0)
(1.02761 0.00168692 0)
(1.02857 0.00169746 0)
(1.02916 0.00170761 0)
(1.03011 0.00171661 0)
(1.03071 0.00172519 0)
(1.03166 0.00173242 0)
(1.03224 0.00173921 0)
(1.03319 0.00174447 0)
(1.03377 0.00174927 0)
(1.0347 0.00175234 0)
(1.03527 0.00175499 0)
(1.03619 0.00175573 0)
(1.03674 0.00175609 0)
(1.03766 0.00175439 0)
(1.03819 0.00175239 0)
(1.03909 0.00174821 0)
(1.0396 0.00174385 0)
(1.04047 0.00173721 0)
(1.04096 0.00173056 0)
(1.04181 0.00172158 0)
(1.04227 0.00171282 0)
(1.0431 0.00170171 0)
(1.04353 0.00169111 0)
(1.04434 0.00167818 0)
(1.04473 0.00166611 0)
(1.04551 0.00165176 0)
(1.04587 0.00163865 0)
(1.04661 0.00162334 0)
(1.04694 0.00160967 0)
(1.04765 0.00159383 0)
(1.04794 0.00157996 0)
(1.04863 0.00156382 0)
(1.04888 0.00154991 0)
(1.04953 0.00153359 0)
(1.04975 0.00151979 0)
(1.05038 0.0015035 0)
(1.05056 0.00149008 0)
(1.05116 0.0014741 0)
(1.05132 0.00146136 0)
(1.05189 0.00144601 0)
(1.05202 0.00143428 0)
(1.05257 0.00141982 0)
(1.05267 0.00140935 0)
(1.0532 0.001396 0)
(1.05329 0.00138699 0)
(1.0538 0.0013749 0)
(1.05387 0.00136747 0)
(1.05437 0.0013567 0)
(1.05441 0.00135092 0)
(1.05491 0.00134151 0)
(1.05494 0.00133739 0)
(1.05542 0.00132932 0)
(1.05545 0.00132686 0)
(1.05592 0.00132009 0)
(1.05594 0.00131926 0)
(1.05641 0.00131377 0)
(1.05642 0.00131452 0)
(1.05689 0.00130964 0)
(0.999931 4.72212e-05 0)
(1.00018 0.000146052 0)
(1.00023 0.000244922 0)
(1.00064 0.000342926 0)
(1.00085 0.000435127 0)
(1.00142 0.000520462 0)
(1.00177 0.000594673 0)
(1.00246 0.000658008 0)
(1.00292 0.000708238 0)
(1.0037 0.00074792 0)
(1.00421 0.000777132 0)
(1.00504 0.000800189 0)
(1.00557 0.000818301 0)
(1.00641 0.000835956 0)
(1.00694 0.000853737 0)
(1.00777 0.000874643 0)
(1.00829 0.000897477 0)
(1.00912 0.000923309 0)
(1.00965 0.000949511 0)
(1.01049 0.000976274 0)
(1.01103 0.00100101 0)
(1.01189 0.00102441 0)
(1.01244 0.00104486 0)
(1.01332 0.00106389 0)
(1.01389 0.00108066 0)
(1.01478 0.00109702 0)
(1.01536 0.00111229 0)
(1.01627 0.00112803 0)
(1.01685 0.00114334 0)
(1.01776 0.00115936 0)
(1.01835 0.001175 0)
(1.01927 0.00119113 0)
(1.01986 0.00120669 0)
(1.02079 0.00122244 0)
(1.02138 0.00123746 0)
(1.02232 0.00125247 0)
(1.02292 0.00126672 0)
(1.02386 0.00128086 0)
(1.02446 0.00129431 0)
(1.0254 0.00130759 0)
(1.026 0.00132024 0)
(1.02695 0.00133264 0)
(1.02755 0.00134445 0)
(1.02851 0.0013559 0)
(1.0291 0.00136677 0)
(1.03005 0.00137714 0)
(1.03065 0.00138695 0)
(1.0316 0.00139609 0)
(1.03218 0.00140468 0)
(1.03313 0.00141245 0)
(1.0337 0.00141969 0)
(1.03464 0.00142596 0)
(1.0352 0.00143173 0)
(1.03613 0.00143638 0)
(1.03668 0.00144059 0)
(1.03759 0.00144356 0)
(1.03812 0.00144615 0)
(1.03902 0.00144738 0)
(1.03953 0.00144834 0)
(1.04041 0.00144785 0)
(1.04089 0.00144724 0)
(1.04175 0.00144509 0)
(1.0422 0.001443 0)
(1.04303 0.00143933 0)
(1.04346 0.00143593 0)
(1.04427 0.00143094 0)
(1.04466 0.00142648 0)
(1.04544 0.00142043 0)
(1.04579 0.0014152 0)
(1.04654 0.0014084 0)
(1.04686 0.00140273 0)
(1.04758 0.0013955 0)
(1.04787 0.00138966 0)
(1.04855 0.00138206 0)
(1.04881 0.00137597 0)
(1.04946 0.00136793 0)
(1.04968 0.00136159 0)
(1.0503 0.00135316 0)
(1.05049 0.00134668 0)
(1.05109 0.00133801 0)
(1.05124 0.00133158 0)
(1.05182 0.00132287 0)
(1.05194 0.00131671 0)
(1.0525 0.00130816 0)
(1.0526 0.00130249 0)
(1.05313 0.00129427 0)
(1.05321 0.00128924 0)
(1.05373 0.0012815 0)
(1.05379 0.00127723 0)
(1.0543 0.00127005 0)
(1.05434 0.00126664 0)
(1.05484 0.00126008 0)
(1.05486 0.00125757 0)
(1.05535 0.00125165 0)
(1.05537 0.00125007 0)
(1.05586 0.0012448 0)
(1.05586 0.00124414 0)
(1.05634 0.00123944 0)
(1.05634 0.00123956 0)
(1.05682 0.00123507 0)
(0.999931 1.52483e-05 0)
(1.00018 5.19434e-05 0)
(1.00023 8.79613e-05 0)
(1.00065 0.000127962 0)
(1.00085 0.000164681 0)
(1.00142 0.000202784 0)
(1.00176 0.00023502 0)
(1.00246 0.000266639 0)
(1.0029 0.000290958 0)
(1.00368 0.000314309 0)
(1.00419 0.00033084 0)
(1.00502 0.000347843 0)
(1.00555 0.000359848 0)
(1.00638 0.00037448 0)
(1.00691 0.000385966 0)
(1.00774 0.000401653 0)
(1.00827 0.000414993 0)
(1.0091 0.000432794 0)
(1.00963 0.00044773 0)
(1.01047 0.000466365 0)
(1.01101 0.000481085 0)
(1.01187 0.000498766 0)
(1.01242 0.00051194 0)
(1.0133 0.000528018 0)
(1.01386 0.000539666 0)
(1.01476 0.000554662 0)
(1.01534 0.000565554 0)
(1.01624 0.00058026 0)
(1.01682 0.000591038 0)
(1.01774 0.00060587 0)
(1.01832 0.000616714 0)
(1.01924 0.000631666 0)
(1.01983 0.000642448 0)
(1.02076 0.000657346 0)
(1.02136 0.00066789 0)
(1.02229 0.000682592 0)
(1.02289 0.000692794 0)
(1.02383 0.000707242 0)
(1.02443 0.000717072 0)
(1.02537 0.000731257 0)
(1.02597 0.000740708 0)
(1.02692 0.000754625 0)
(1.02752 0.000763676 0)
(1.02848 0.000777295 0)
(1.02907 0.000785903 0)
(1.03002 0.000799175 0)
(1.03062 0.00080728 0)
(1.03156 0.000820146 0)
(1.03215 0.000827682 0)
(1.03309 0.00084008 0)
(1.03367 0.00084698 0)
(1.03461 0.000858849 0)
(1.03517 0.000865052 0)
(1.0361 0.000876341 0)
(1.03664 0.000881795 0)
(1.03756 0.000892461 0)
(1.03809 0.000897124 0)
(1.03898 0.000907139 0)
(1.03949 0.000910987 0)
(1.04037 0.000920342 0)
(1.04085 0.00092337 0)
(1.04171 0.000932078 0)
(1.04216 0.000934304 0)
(1.043 0.000942402 0)
(1.04342 0.000943872 0)
(1.04423 0.000951424 0)
(1.04462 0.00095221 0)
(1.0454 0.000959311 0)
(1.04576 0.000959514 0)
(1.0465 0.000966283 0)
(1.04683 0.000966027 0)
(1.04754 0.000972598 0)
(1.04783 0.000971979 0)
(1.04851 0.000978358 0)
(1.04877 0.000977292 0)
(1.04942 0.000983407 0)
(1.04964 0.000981846 0)
(1.05026 0.000987687 0)
(1.05045 0.000985641 0)
(1.05105 0.000991253 0)
(1.0512 0.000988775 0)
(1.05178 0.000994231 0)
(1.0519 0.000991393 0)
(1.05246 0.000996778 0)
(1.05256 0.000993657 0)
(1.05309 0.000999055 0)
(1.05317 0.000995719 0)
(1.05369 0.0010012 0)
(1.05375 0.000997712 0)
(1.05426 0.00100335 0)
(1.0543 0.000999744 0)
(1.05479 0.00100558 0)
(1.05483 0.00100189 0)
(1.05531 0.00100796 0)
(1.05533 0.00100423 0)
(1.05581 0.00101056 0)
(1.05582 0.00100676 0)
(1.0563 0.00101328 0)
(1.05631 0.00100925 0)
(1.05679 0.00101654 0)
)
;

boundaryField
{
    inlet
    {
        type            fixedValue;
        value           uniform (1 0 0);
    }
    outlet
    {
        type            zeroGradient;
    }
    upperWall
    {
        type            zeroGradient;
    }
    lowerWall
    {
        type            fixedValue;
        value           uniform (0 0 0);
    }
    frontAndBack
    {
        type            empty;
    }
}


// ************************************************************************* //
